肇庆市	0	　	　	　	　	　	　	　	　	　	　
佛山市	67287	0	　	　	　	　	　	　	　	　	　
广州市	82333	18889	0	　	　	　	　	　	　	　	　
东莞市	131715	64461	51243	0	　	　	　	　	　	　	　
惠州市	199802	132849	117834	68760	0	　	　	　	　	　	　
江门市	81922	49446	64041	84485	149026	0	　	　	　	　	　
中山市	111936	62691	69415	67140	124019	32665	0	　	　	　	　
深圳市	172661	109765	104231	61806	73083	100296	68373	0	　	　	　
澳门	194550	135678	132731	93520	96805	116398	83883	32064	0	　	　
香港	146188	102731	109085	96028	137275	64343	40119	67017	65427	0	　
珠海市	142997	95644	100682	85407	127133	61247	33183	58042	60569	10766	0